image_width: 1280
image_height: 720
camera_name: camera
camera_matrix:
   rows: 3
   cols: 3
   dt: d
   data: [ 8.6284306742124932e+02, 0., 6.4613217047906812e+02, 0.,
       8.6111948289827637e+02, 3.7426282677085993e+02, 0., 0., 1. ]
distortion_model: plumb_bob
distortion_coefficients:
   rows: 1
   cols: 5
   dt: d
   data: [ -4.9350117130446847e-01, 2.9563227748231208e-01,
       -7.8758302405153085e-04, -2.1996762485054270e-03,
       -9.8364125317726883e-02 ]
rectification_matrix:
   rows: 3
   cols: 3
   dt: d
   data: [ 1., 0., 0., 0., 1., 0., 0., 0., 1. ]
projection_matrix:
   rows: 3
   cols: 4
   dt: d
   data: [ 8.6284306742124932e+02, 0., 6.4613217047906812e+02, 0., 0.,
       8.6111948289827637e+02, 3.7426282677085993e+02, 0., 0., 0., 1.,
       0. ]
